id,conversation_id,created_at,date,time,timezone,user_id,username,name,place,tweet,language,mentions,urls,photos,replies_count,retweets_count,likes_count,hashtags,cashtags,link,retweet,quote_url,video,thumbnail,near,geo,source,user_rt_id,user_rt,retweet_id,reply_to,retweet_date,translate,trans_src,trans_dest
1313041422124081152,1313041422124081152,2020-10-05 14:30:44 IST,2020-10-05,14:30:44,+0530,208717532,mmaxworthy,Michael Maxworthy,,A list of essential VoIP #statistics.   This post includes a clear overview of where the industry is heading - from general market research to forecasts on industry challenges.    https://t.co/TjhCusr2oB,en,[],['https://app.quuu.co/r/agb-bny'],[],0,0,0,['statistics'],[],https://twitter.com/MMaxworthy/status/1313041422124081152,False,,0,,,,,,,,[],,,,
1313041422040403969,1313041422040403969,2020-10-05 14:30:44 IST,2020-10-05,14:30:44,+0530,208717532,mmaxworthy,Michael Maxworthy,,A list of essential VoIP #statistics.   This post includes a clear overview of where the industry is heading - from general market research to forecasts on industry challenges.    https://t.co/TjhCus9rx3,en,[],['https://app.quuu.co/r/agb-bny'],[],0,0,2,['statistics'],[],https://twitter.com/MMaxworthy/status/1313041422040403969,False,,0,,,,,,,,[],,,,
1313041422002647041,1313041422002647041,2020-10-05 14:30:44 IST,2020-10-05,14:30:44,+0530,208717532,mmaxworthy,Michael Maxworthy,,"Yes, tenant screening really is that important.  Find out why on @rentec     https://t.co/Rj5TtGVVXQ  #landlords #propertymanagers #renters",en,"[{'screen_name': 'rentec', 'name': 'rentec direct', 'id': '45339250'}]",['https://app.quuu.co/r/rraayab'],[],0,0,1,"['landlords', 'propertymanagers', 'renters']",[],https://twitter.com/MMaxworthy/status/1313041422002647041,False,,0,,,,,,,,[],,,,
1286452547700445184,1286452547700445184,2020-07-24 05:36:03 IST,2020-07-24,05:36:03,+0530,208717532,mmaxworthy,Michael Maxworthy,, https://t.co/OKp0mtuDaR,und,[],['https://lnkd.in/gJpZGiD'],[],0,0,0,[],[],https://twitter.com/MMaxworthy/status/1286452547700445184,False,,0,,,,,,,,[],,,,
1275481316427997184,1275481316427997184,2020-06-23 23:00:17 IST,2020-06-23,23:00:17,+0530,208717532,mmaxworthy,Michael Maxworthy,,Why #AugmentedAnalytics is the Future of the #DataIndustry    https://t.co/XaJ7l31akj by @AsimRahal for @techmediatoday1,en,"[{'screen_name': 'asimrahal', 'name': 'asim rahal', 'id': '1217475681967378432'}, {'screen_name': 'techmediatoday1', 'name': 'techmediatoday', 'id': '1135473087833489408'}]",['https://app.quuu.co/r/PwDGa'],[],0,0,0,"['augmentedanalytics', 'dataindustry']",[],https://twitter.com/MMaxworthy/status/1275481316427997184,False,,0,,,,,,,,[],,,,
1271159030824816641,1271159030824816641,2020-06-12 00:45:04 IST,2020-06-12,00:45:04,+0530,208717532,mmaxworthy,Michael Maxworthy,,"Businesses are being swayed by the alluring benefits of the recurring billing model, such as predictable revenue, long-term customer relationships, and increased opportunities to upsell.   https://t.co/4kmkRdc2th #Scaleup #RecurringRevenue #fintech #b2b #insuretch",en,[],['https://app.quuu.co/r/PwLA9'],[],0,0,1,"['scaleup', 'recurringrevenue', 'fintech', 'b2b', 'insuretch']",[],https://twitter.com/MMaxworthy/status/1271159030824816641,False,,0,,,,,,,,[],,,,
1271159030791254018,1271159030791254018,2020-06-12 00:45:04 IST,2020-06-12,00:45:04,+0530,208717532,mmaxworthy,Michael Maxworthy,,"As consumer and business cultures continue to evolve, the data collected by businesses will be the differentiator between who sinks and who swims. #SubscriptionBusinesses have a huge advantage. #fintech #wealthtech #b2b #payments #b2c #datascience    https://t.co/mSN5nwFdDg",en,[],['https://app.quuu.co/r/xnpv7'],[],0,0,0,"['subscriptionbusinesses', 'fintech', 'wealthtech', 'b2b', 'payments', 'b2c', 'datascience']",[],https://twitter.com/MMaxworthy/status/1271159030791254018,False,,0,,,,,,,,[],,,,
1271015641219284992,1271015641219284992,2020-06-11 15:15:17 IST,2020-06-11,15:15:17,+0530,208717532,mmaxworthy,Michael Maxworthy,,#Fintech dominates London tech fundraising scene  https://t.co/JtUIkRyejZ,en,[],['https://www.finextra.com/newsarticle/35982/fintech-dominates-london-tech-fundraising-scene'],[],0,0,0,['fintech'],[],https://twitter.com/MMaxworthy/status/1271015641219284992,False,,0,,,,,,,,[],,,,
1268876702689693697,1268876702689693697,2020-06-05 17:35:55 IST,2020-06-05,17:35:55,+0530,208717532,mmaxworthy,Michael Maxworthy,,Sounds about right.. UK #fintech investment up 500 percent in five years  https://t.co/nCUBPCPYIs  #WealthManagement #wealthtech #banktech #payments #API,en,[],['https://www.bobsguide.com/guide/news/2020/Jun/4/uk-fintech-investment-up-500-percent-in-five-years/#.Xto0zfKiOUo.twitter'],[],0,0,0,"['fintech', 'wealthmanagement', 'wealthtech', 'banktech', 'payments', 'api']",[],https://twitter.com/MMaxworthy/status/1268876702689693697,False,,0,,,,,,,,[],,,,
1268211202951385090,1268211202951385090,2020-06-03 21:31:27 IST,2020-06-03,21:31:27,+0530,208717532,mmaxworthy,Michael Maxworthy,,This deserves a repost..   https://t.co/LzX5ufAG1T  #fintech #banktech #wealthtech #b2b,en,[],['https://www-forbes-com.cdn.ampproject.org/c/s/www.forbes.com/sites/ronshevlin/2020/05/11/google-the-next-big-fintech-vendor/amp/?mc_cid=66f626c09a&mc_eid=a40c41c059'],[],0,0,1,"['fintech', 'banktech', 'wealthtech', 'b2b']",[],https://twitter.com/MMaxworthy/status/1268211202951385090,False,,0,,,,,,,,[],,,,
1267847205228032003,1267847205228032003,2020-06-02 21:25:03 IST,2020-06-02,21:25:03,+0530,208717532,mmaxworthy,Michael Maxworthy,,Something that comes up often in our interaction with clients: Expansion #MRR and achieving negative #churn.  https://t.co/hDVo7yhvTw #SaaS #fintech #b2b #b2c,en,[],['https://app.quuu.co/r/PwgX8'],[],0,0,0,"['mrr', 'churn', 'saas', 'fintech', 'b2b', 'b2c']",[],https://twitter.com/MMaxworthy/status/1267847205228032003,False,,0,,,,,,,,[],,,,
1245405938238009344,1245405938238009344,2020-04-01 23:11:28 IST,2020-04-01,23:11:28,+0530,208717532,mmaxworthy,Michael Maxworthy,,A bit of positivity for the m&amp;a world: Deals are being made despite the current climate around #covid19. We advised our client @Strands recently in an acquisition by #CRIF. You can read how it happened here:  https://t.co/TK8cjiSc0s  #MergersAndAcquisitions #AI #fintech  https://t.co/Ggh63P5ycn,en,"[{'screen_name': 'strands', 'name': 'strands', 'id': '135674786'}]",['https://bit.ly/39v3ceD'],['https://pbs.twimg.com/media/EUiR8IPXsAQPkse.png'],0,0,0,"['covid19', 'crif', 'mergersandacquisitions', 'ai', 'fintech']",[],https://twitter.com/MMaxworthy/status/1245405938238009344,False,,1,https://pbs.twimg.com/media/EUiR8IPXsAQPkse.png,,,,,,,[],,,,
1227217386224398336,1227217386224398336,2020-02-11 18:36:40 IST,2020-02-11,18:36:40,+0530,208717532,mmaxworthy,Michael Maxworthy,,"We are happy to share that our client Hanweck has been acquired by one of the world's largest exchange holding companies, Cboe Global Markets.  Our team has been engaged with Hanweck since 2018, offering strategic and financial advice that led to a successful deal. #fintech  https://t.co/anfD4T1rMk",en,[],[],['https://pbs.twimg.com/media/EQfztXSXUAcCBTn.png'],0,0,0,['fintech'],[],https://twitter.com/MMaxworthy/status/1227217386224398336,False,,1,https://pbs.twimg.com/media/EQfztXSXUAcCBTn.png,,,,,,,[],,,,
1220692598131777536,1220692598131777536,2020-01-24 18:29:29 IST,2020-01-24,18:29:29,+0530,208717532,mmaxworthy,Michael Maxworthy,,"Quote of the morning..."" Have you ever looked at the backend structure of a financial institution? With legacy system architecture dating back over 30 years, inserting new technology into that stack can be challenging."" Uhm.. YEA!! #fintech..",en,[],[],[],0,0,1,['fintech'],[],https://twitter.com/MMaxworthy/status/1220692598131777536,False,,0,,,,,,,,[],,,,
1197865943919210501,1197865943919210501,2019-11-22 18:44:30 IST,2019-11-22,18:44:30,+0530,208717532,mmaxworthy,Michael Maxworthy,,"Congratulations to our client @ClrStructure  on their recent acquisition by @Broadridge! Asset managers worldwide are now able to utilize the award-winning platform, Sentry PM, as a part of Broadridge's global distribution network. Details here:  https://t.co/2lGowMtdGa #fintech",en,"[{'screen_name': 'clrstructure', 'name': 'clearstructure', 'id': '468659437'}, {'screen_name': 'broadridge', 'name': 'broadridge', 'id': '15069827'}]",['https://bit.ly/347nAk6'],[],0,0,0,['fintech'],[],https://twitter.com/MMaxworthy/status/1197865943919210501,False,,0,,,,,,,,[],,,,
1196407821618860032,1196407821618860032,2019-11-18 18:10:27 IST,2019-11-18,18:10:27,+0530,208717532,mmaxworthy,Michael Maxworthy,,"I feel for the @Wework staff. They got caught up in the hype.. This theme has become too familiar in the startup world: the cycle of rapid and unsustainable growth, ""mindless"" recruitments and massive layoffs.",en,"[{'screen_name': 'wework', 'name': 'wework', 'id': '111092283'}]",[],[],0,1,0,[],[],https://twitter.com/MMaxworthy/status/1196407821618860032,False,,0,,,,,,,,[],,,,
1196030466907942912,1196030466907942912,2019-11-17 17:10:59 IST,2019-11-17,17:10:59,+0530,208717532,mmaxworthy,Michael Maxworthy,, https://t.co/QsSjYXNgDk,und,[],['https://lnkd.in/e2EHF3j'],[],0,0,0,[],[],https://twitter.com/MMaxworthy/status/1196030466907942912,False,,0,,,,,,,,[],,,,
1194954578816577537,1194954578816577537,2019-11-14 17:55:47 IST,2019-11-14,17:55:47,+0530,208717532,mmaxworthy,Michael Maxworthy,,Nasdaq sells energy futures business to Deutsche Börse #fintech #Exchanges   https://t.co/RGe7cYNz4G,de,[],['https://www.fnlondon.com/articles/nasdaq-sells-energy-futures-business-to-deutsche-borse-20191113?mkt_tok=eyJpIjoiWlRKbU1XVTVPRFk0WmpsayIsInQiOiIrYVQwVXVVQmpRNG56a2ZJNU8wSTdSanM3ZW9yN2pIM0U4ZnBkVldvdDZMXC8xSGxaSXhRZnlWM0RnMktiZ2U3UGhobWFtV2tkTzkreDJBN00rS3lNMGxLVUtHQjRxVU92VnlRd0NGelloQ2dvMlJtWGF5N1FEYzlGYUlyNVpXczYifQ%3D%3D'],[],0,0,0,"['fintech', 'exchanges']",[],https://twitter.com/MMaxworthy/status/1194954578816577537,False,,0,,,,,,,,[],,,,
1189162551021621253,1189162551021621253,2019-10-29 18:20:20 IST,2019-10-29,18:20:20,+0530,208717532,mmaxworthy,Michael Maxworthy,,LATAM fintechs that are successful are now taking aim at the US in order to scale... #fintech #wealthtech #insurtech   https://t.co/7n2OGIOFXJ,en,[],['https://www.finextra.com/newsarticle/34645/money-2020-latin-american-fintechs-can-serve-the-us-better-than-us-fintechs?utm_medium=dailynewsletter&utm_source=2019-10-29&member=83066'],[],0,0,0,"['fintech', 'wealthtech', 'insurtech']",[],https://twitter.com/MMaxworthy/status/1189162551021621253,False,,0,,,,,,,,[],,,,
1188870354598535171,1188870354598535171,2019-10-28 22:59:15 IST,2019-10-28,22:59:15,+0530,208717532,mmaxworthy,Michael Maxworthy,,"No slowing down.....In Q3 2019, FinTechs around the world raised $12.46bn in investments from 591 deals with 9.8% QoQ growth in total funding raised compared to Q2 2019. From 476 deals, #FinTech startups were able to raise $11.35 bn in funding in Q2 2019  https://t.co/XkvP2jEn6y",en,[],['https://gomedici.com/q3-2019-global-fintech-funding-roundup?__s=5bdjpqzfzx7suceikvy6'],[],0,0,0,['fintech'],[],https://twitter.com/MMaxworthy/status/1188870354598535171,False,,0,,,,,,,,[],,,,
1177204670932107265,1177204670932107265,2019-09-26 18:23:59 IST,2019-09-26,18:23:59,+0530,208717532,mmaxworthy,Michael Maxworthy,,Glad to see this finally got done. SS&amp;C to Acquire Algorithmics Assets from IBM #fintech #DataScience #capitalmarkets #AI   https://t.co/EGe2vwEdTL,en,[],['https://www.prnewswire.com/news-releases/ssc-to-acquire-algorithmics-assets-from-ibm-300925410.html'],[],0,0,1,"['fintech', 'datascience', 'capitalmarkets', 'ai']",[],https://twitter.com/MMaxworthy/status/1177204670932107265,False,,0,,,,,,,,[],,,,
1176489569837080576,1176489569837080576,2019-09-24 19:02:26 IST,2019-09-24,19:02:26,+0530,208717532,mmaxworthy,Michael Maxworthy,,This is so cool! #dronetech  https://t.co/GBaMkx0wZa,en,[],['https://finance.yahoo.com/news/airmap-acquires-hangar-technology-expanding-130000033.html?mkt_tok=eyJpIjoiT0RNNVpEbGlOV1ZoWldaaSIsInQiOiJ5MVp2TXlBRVcrdGorVHlMTVwvMHBSV1NDcFR6TTFEMFVFQ2w0Z1NOUVwvZEJoNndneTJNa094VXV0QjdKOW1aN3k4NW55Z2Zzeno0RUFZdGQ3cUZmZG4zNllCSkxpMm93MjhpMDBESVZycXJsWkJVdTRYUDB0empxcGNnMjdVelFLIn0%3D'],[],0,0,0,['dronetech'],[],https://twitter.com/MMaxworthy/status/1176489569837080576,False,,0,,,,,,,,[],,,,
1171782619555651591,1171782619555651591,2019-09-11 19:18:41 IST,2019-09-11,19:18:41,+0530,208717532,mmaxworthy,Michael Maxworthy,,Not sure it’s great timing - but WOW! Hong Kong Stock Exchange Bids Nearly $37 Billion for London Rival - WSJ #fintech   https://t.co/Qcsl1QAtSK,en,[],['https://www.wsj.com/articles/hong-kong-stock-exchange-makes-36-56-billion-bid-for-london-stock-exchange-11568193034'],[],0,0,0,['fintech'],[],https://twitter.com/MMaxworthy/status/1171782619555651591,False,,0,,,,,,,,[],,,,
1160998773990002690,1160998773990002690,2019-08-13 01:07:32 IST,2019-08-13,01:07:32,+0530,208717532,mmaxworthy,Michael Maxworthy,,"Amazing.. In July 2019, #FinTech startups across the world raised $3.98 billion worth of VC/PE investments from 205 deals.  https://t.co/22clWbXaHI #MEDICI #wealthtech #grc #vclogic",en,[],['https://gomedici.com/month-end-fintech-vc-funding-statistics-july-2019?__s=5bdjpqzfzx7suceikvy6'],[],0,2,3,"['fintech', 'medici', 'wealthtech', 'grc', 'vclogic']",[],https://twitter.com/MMaxworthy/status/1160998773990002690,False,,0,,,,,,,,[],,,,
1153679080530882560,1153679080530882560,2019-07-23 20:21:41 IST,2019-07-23,20:21:41,+0530,208717532,mmaxworthy,Michael Maxworthy,,More on the way....  https://t.co/BZpZSMt240 #mrx #marketresearch #Analytics,en,[],['http://www.mrweb.com/drno/news28327.htm'],[],0,0,0,"['mrx', 'marketresearch', 'analytics']",[],https://twitter.com/MMaxworthy/status/1153679080530882560,False,,0,,,,,,,,[],,,,
1148677872103632896,1148677872103632896,2019-07-10 01:08:40 IST,2019-07-10,01:08:40,+0530,208717532,mmaxworthy,Michael Maxworthy,,Corvil to be acquired by capital markets technology provider Pico  https://t.co/MvfLyq4yd5 #fintech,en,[],['https://www.thetradenews.com/corvil-acquired-capital-markets-technology-provider-pico/'],[],0,0,1,['fintech'],[],https://twitter.com/MMaxworthy/status/1148677872103632896,False,,0,,,,,,,,[],,,,
1137755140977565696,1126630582455345155,2019-06-09 21:45:38 IST,2019-06-09,21:45:38,+0530,208717532,mmaxworthy,Michael Maxworthy,,@RepStephenLynch @RepMaxineWaters Congratulations!,en,[],[],[],0,0,0,[],[],https://twitter.com/MMaxworthy/status/1137755140977565696,False,,0,,,,,,,,"[{'screen_name': 'RepStephenLynch', 'name': 'Rep. Stephen Lynch', 'id': '310310133'}, {'screen_name': 'RepMaxineWaters', 'name': 'Maxine Waters', 'id': '36686040'}]",,,,
1136914596508393472,1136914596508393472,2019-06-07 14:05:37 IST,2019-06-07,14:05:37,+0530,208717532,mmaxworthy,Michael Maxworthy,,That #fintech M&amp;A train keeps going.... SimCorp to buy AIM Software for EUR60m  https://t.co/ZFfpjqsU59 via @Finextra,en,"[{'screen_name': 'finextra', 'name': 'finextra', 'id': '17002481'}]",['https://www.finextra.com/newsarticle/33939/simcorp-to-buy-aim-software-for-eur60m'],[],0,0,0,['fintech'],[],https://twitter.com/MMaxworthy/status/1136914596508393472,False,,0,,,,,,,,[],,,,
1130435438945198083,1130435438945198083,2019-05-20 16:59:45 IST,2019-05-20,16:59:45,+0530,208717532,mmaxworthy,Michael Maxworthy,,CALLED IT! Investec withdraws from over hyped robo-advisory market  https://t.co/pNsFoyh8I7 via @Finextra,en,"[{'screen_name': 'finextra', 'name': 'finextra', 'id': '17002481'}]",['https://www.finextra.com/newsarticle/33834/investec-withdraws-from-over-hyped-robo-advisory-market'],[],0,1,1,[],[],https://twitter.com/MMaxworthy/status/1130435438945198083,False,,0,,,,,,,,[],,,,
1098656807982120964,1098656807982120964,2019-02-22 00:22:49 IST,2019-02-22,00:22:49,+0530,208717532,mmaxworthy,Michael Maxworthy,,Q&amp;A: What Are The Fintech Trends To Watch In 2019? #fintech   https://t.co/1mTsPAuamD,en,[],['https://www.cbinsights.com/research/fintech-trends-qa-2019/'],[],0,1,1,['fintech'],[],https://twitter.com/MMaxworthy/status/1098656807982120964,False,,0,,,,,,,,[],,,,
1095676487322214402,1095676487322214402,2019-02-13 19:00:05 IST,2019-02-13,19:00:05,+0530,208717532,mmaxworthy,Michael Maxworthy,,Deals beget deals.....  https://t.co/wztUmFWeik #fintech #bigdata #mrx #marketresearch #insights,en,[],['https://savanta.com/news/wealth-x-custom-joins-savanta/'],[],0,1,1,"['fintech', 'bigdata', 'mrx', 'marketresearch', 'insights']",[],https://twitter.com/MMaxworthy/status/1095676487322214402,False,,0,,,,,,,,[],,,,
1088524196047740935,1088524196047740935,2019-01-25 01:19:26 IST,2019-01-25,01:19:26,+0530,208717532,mmaxworthy,Michael Maxworthy,,"Cision® Acquires TrendKite, Extending Its Leadership in Measurement &amp; Attribution -   https://t.co/8udKKuJDut #mrx #marketresearch #datascience #businessintelligence #vclogic",en,[],['http://markets.businessinsider.com/news/1027889988'],[],0,0,0,"['mrx', 'marketresearch', 'datascience', 'businessintelligence', 'vclogic']",[],https://twitter.com/MMaxworthy/status/1088524196047740935,False,,0,,,,,,,,[],,,,
1087793092609101826,1087793092609101826,2019-01-23 00:54:18 IST,2019-01-23,00:54:18,+0530,208717532,mmaxworthy,Michael Maxworthy,,Dynata to Acquire Reimagine Holdings Group  https://t.co/bXwWKvvrTl #mrx #marketresearch #bigdata #businessintelligence #insights,en,[],['https://prn.to/2R3w58I'],[],0,1,0,"['mrx', 'marketresearch', 'bigdata', 'businessintelligence', 'insights']",[],https://twitter.com/MMaxworthy/status/1087793092609101826,False,,0,,,,,,,,[],,,,
1087733400126087169,1087733400126087169,2019-01-22 20:57:06 IST,2019-01-22,20:57:06,+0530,208717532,mmaxworthy,Michael Maxworthy,,A must read - Plaid Acquires Quovo — Another Brick in the New Financial Services Tech Stack  https://t.co/cdWdXQik7i #fintech #banktech #b2b #wealthtech #techstack,en,[],['https://www.linkedin.com/pulse/plaid-acquires-quovo-another-brick-new-financial-services-david-jegen/'],[],0,0,0,"['fintech', 'banktech', 'b2b', 'wealthtech', 'techstack']",[],https://twitter.com/MMaxworthy/status/1087733400126087169,False,,0,,,,,,,,[],,,,
1085976753745678338,1085976753745678338,2019-01-18 00:36:49 IST,2019-01-18,00:36:49,+0530,208717532,mmaxworthy,Michael Maxworthy,,WEX to buy Discovery Benefits - PE Hub:  https://t.co/R1L3WnqmIZ #healthcare #fintech #grc #awesomessuace,en,[],['https://www.pehub.com/2019/01/wex-to-buy-discovery-benefits/#.XECIWGJ0-ek.twitter'],[],0,0,0,"['healthcare', 'fintech', 'grc', 'awesomessuace']",[],https://twitter.com/MMaxworthy/status/1085976753745678338,False,,0,,,,,,,,[],,,,
1085728314671681536,1085728314671681536,2019-01-17 08:09:36 IST,2019-01-17,08:09:36,+0530,208717532,mmaxworthy,Michael Maxworthy,,"AWESOME. Especially as I believe some “new disruptors"" will come from this area. Startup investment in Africa jumped to record levels in 2018 as later stage rounds rose  https://t.co/n5VMrACDJZ #fintech #b2b #venturecapital #cleantech #edtech #ecommerce #agritech #healthcare #PE",en,[],['https://qz.com/africa/1520173/'],[],0,0,0,"['fintech', 'b2b', 'venturecapital', 'cleantech', 'edtech', 'ecommerce', 'agritech', 'healthcare', 'pe']",[],https://twitter.com/MMaxworthy/status/1085728314671681536,False,,0,,,,,,,,[],,,,
1085525112319864832,1085525112319864832,2019-01-16 18:42:09 IST,2019-01-16,18:42:09,+0530,208717532,mmaxworthy,Michael Maxworthy,,Damn!! Fiserv to acquire First Data in all-stock deal with equity value of $22 billion #fintech #payments #wealthmanagement #b2b #GRC   https://t.co/BAlZZiNFGE,en,[],['https://www.marketwatch.com/story/fiserv-to-acquire-first-data-in-all-stock-deal-with-equity-value-of-22-billion-2019-01-16'],[],0,1,1,"['fintech', 'payments', 'wealthmanagement', 'b2b', 'grc']",[],https://twitter.com/MMaxworthy/status/1085525112319864832,False,,0,,,,,,,,[],,,,
1085195186542600192,1085195186542600192,2019-01-15 20:51:09 IST,2019-01-15,20:51:09,+0530,208717532,mmaxworthy,Michael Maxworthy,,Venture breaks $50 bln mark to set 18-year fundraising record in 2018 - PE Hub:  https://t.co/1X6P58y2to #vclogic #toomuchmoneyoutthere,en,[],['https://www.pehub.com/vc-journal/venture-breaks-50-bln-mark-to-set-18-year-fundraising-record-in-2018/#.XD36NKpp-B0.twitter'],[],0,1,0,"['vclogic', 'toomuchmoneyoutthere']",[],https://twitter.com/MMaxworthy/status/1085195186542600192,False,,0,,,,,,,,[],,,,
1083841618237669376,1083841618237669376,2019-01-12 03:12:33 IST,2019-01-12,03:12:33,+0530,208717532,mmaxworthy,Michael Maxworthy,,Meniga buys Wrapp for transaction-driven marketing push  https://t.co/7KauPizVil #fintech #datascience #pfm #vclogic,en,[],['https://www.finextra.com/newsarticle/33193/meniga-buys-wrapp-for-transaction-driven-marketing-push'],[],0,0,1,"['fintech', 'datascience', 'pfm', 'vclogic']",[],https://twitter.com/MMaxworthy/status/1083841618237669376,False,,0,,,,,,,,[],,,,
1083814830174281731,1083814830174281731,2019-01-12 01:26:06 IST,2019-01-12,01:26:06,+0530,208717532,mmaxworthy,Michael Maxworthy,,This is a little bit of a head scratcher.....Accenture Buys US Data Intelligence Firm Knowledgent #mrx #altdata #DataScience   https://t.co/AWgjLpQQ8C,en,[],['http://www.mrweb.com/drno/news27382.htm'],[],0,0,1,"['mrx', 'altdata', 'datascience']",[],https://twitter.com/MMaxworthy/status/1083814830174281731,False,,0,,,,,,,,[],,,,
1082696537254223872,1082696537254223872,2019-01-08 23:22:24 IST,2019-01-08,23:22:24,+0530,208717532,mmaxworthy,Michael Maxworthy,, https://t.co/zPLNkuGB5F,und,[],['https://lnkd.in/gvNPAC5'],[],0,0,0,[],[],https://twitter.com/MMaxworthy/status/1082696537254223872,False,,0,,,,,,,,[],,,,
1082347555604844551,1082347555604844551,2019-01-08 00:15:40 IST,2019-01-08,00:15:40,+0530,208717532,mmaxworthy,Michael Maxworthy,,Akamai To Buy Cybersecurity Vendor Janrain To Get Identity Access Skills  https://t.co/rI3sQQScHj #fintech #grc #coolbeans,en,[],['https://www.crn.com/news/security/akamai-to-buy-cybersecurity-vendor-janrain-to-get-identity-access-skills#.XDOeRAB4Lmk.twitter'],[],0,0,0,"['fintech', 'grc', 'coolbeans']",[],https://twitter.com/MMaxworthy/status/1082347555604844551,False,,0,,,,,,,,[],,,,
1080968144536113152,1080968144536113152,2019-01-04 04:54:23 IST,2019-01-04,04:54:23,+0530,208717532,mmaxworthy,Michael Maxworthy,,"Sentiance Buys BrandNewHealth  https://t.co/CsSWUFgld6 'Motion intelligence' company, whose platform analyses smartphone sensor data to produce in-depth behavioral insights, has acquired digital behavioral change specialist #mrx #marketresearch #iot #DataScience #altdata",en,[],['http://www.mrweb.com/drno/news27341.htm'],[],0,1,0,"['mrx', 'marketresearch', 'iot', 'datascience', 'altdata']",[],https://twitter.com/MMaxworthy/status/1080968144536113152,False,,0,,,,,,,,[],,,,
1079877863212494848,1079877863212494848,2019-01-01 04:42:00 IST,2019-01-01,04:42:00,+0530,208717532,mmaxworthy,Michael Maxworthy,,"As of market close, the S&amp;P 500 was down 6.2%, the Dow was lower by 5.6% and the Nasdaq was down 3.9% for the year. #sucks",en,[],[],[],0,1,2,['sucks'],[],https://twitter.com/MMaxworthy/status/1079877863212494848,False,,0,,,,,,,,[],,,,
1076118320078880768,1076118320078880768,2018-12-21 19:42:55 IST,2018-12-21,19:42:55,+0530,208717532,mmaxworthy,Michael Maxworthy,, https://t.co/uI0f6Fl2nA,und,[],['https://lnkd.in/esQAp4Q'],[],0,0,0,[],[],https://twitter.com/MMaxworthy/status/1076118320078880768,False,,0,,,,,,,,[],,,,
1074663641050476549,1074663641050476549,2018-12-17 19:22:32 IST,2018-12-17,19:22:32,+0530,208717532,mmaxworthy,Michael Maxworthy,, https://t.co/k3mPWskn68,und,[],['https://lnkd.in/eneTQKD'],[],0,0,0,[],[],https://twitter.com/MMaxworthy/status/1074663641050476549,False,,0,,,,,,,,[],,,,
1070315747958841344,1070315747958841344,2018-12-05 19:25:34 IST,2018-12-05,19:25:34,+0530,208717532,mmaxworthy,Michael Maxworthy,,Online Lender CommonBond Acquires Gen Z Financial Advice Platform NextGenVest via @forbes  https://t.co/9Pb5aUvctS #fintech #WealthManagement #Millennials #directfit,en,"[{'screen_name': 'forbes', 'name': 'forbes', 'id': '91478624'}]",['http://www.forbes.com/sites/alexandrawilson1/2018/12/04/online-lender-commonbond-acquires-gen-z-financial-advice-platform-nextgenvest/'],[],0,1,3,"['fintech', 'wealthmanagement', 'millennials', 'directfit']",[],https://twitter.com/MMaxworthy/status/1070315747958841344,False,,0,,,,,,,,[],,,,
1070213294785470464,1070213294785470464,2018-12-05 12:38:27 IST,2018-12-05,12:38:27,+0530,208717532,mmaxworthy,Michael Maxworthy,,Q2 acquires digital onboarding firm Gro Solutions  https://t.co/mObfp4zDpM via @Finextra #banktech,en,"[{'screen_name': 'finextra', 'name': 'finextra', 'id': '17002481'}]",['https://www.finextra.com/pressarticle/76626/q2-acquires-digital-onboarding-firm-gro-solutions'],[],0,1,0,['banktech'],[],https://twitter.com/MMaxworthy/status/1070213294785470464,False,,0,,,,,,,,[],,,,
1069998472932311041,1069998472932311041,2018-12-04 22:24:50 IST,2018-12-04,22:24:50,+0530,208717532,mmaxworthy,Michael Maxworthy,,Nasdaq Acquires Quandl to Advance the Use of Alternative Data  https://t.co/ljDgpK15H1 #fintech #BusinessIntelligence #altdata,en,[],['https://business.nasdaq.com/mediacenter/pressreleases/1855930/nasdaq-acquires-quandl-to-advance-the-use-of-alternative-data?utm_source=Nasdaq_TWITTER_1952826085&utm_medium=GIS+-+GEN_Intel_&SMRefresh=1543942441236#.XAaxKq1jBzs.twitter'],[],0,0,0,"['fintech', 'businessintelligence', 'altdata']",[],https://twitter.com/MMaxworthy/status/1069998472932311041,False,,0,,,,,,,,[],,,,
1065296745100390401,1065296745100390401,2018-11-21 23:01:50 IST,2018-11-21,23:01:50,+0530,208717532,mmaxworthy,Michael Maxworthy,,DDAAMMNNN!!! Two-thirds of UK bank branches have closed in the past 30 years  https://t.co/MDBaZkTazr via @Finextra #banktech #disruptivebehavior #disruptivetechnology #mobile,en,"[{'screen_name': 'finextra', 'name': 'finextra', 'id': '17002481'}]",['https://www.finextra.com/newsarticle/32986/two-thirds-of-uk-bank-branches-have-closed-in-the-past-30-years'],[],0,0,1,"['banktech', 'disruptivebehavior', 'disruptivetechnology', 'mobile']",[],https://twitter.com/MMaxworthy/status/1065296745100390401,False,,0,,,,,,,,[],,,,
1060526071395823616,1060526071395823616,2018-11-08 19:04:53 IST,2018-11-08,19:04:53,+0530,208717532,mmaxworthy,Michael Maxworthy,,Actually putting their money where their mouth is. LOVE IT&gt; Lloyds invests in cloud-based core banking startup Thought Machine  https://t.co/0578rNZenn via @Finextra #fintech #banktech #ai #cuttingedge,en,"[{'screen_name': 'finextra', 'name': 'finextra', 'id': '17002481'}]",['https://www.finextra.com/newsarticle/32907/lloyds-invests-in-cloud-based-core-banking-startup-thought-machine'],[],0,1,2,"['fintech', 'banktech', 'ai', 'cuttingedge']",[],https://twitter.com/MMaxworthy/status/1060526071395823616,False,,0,,,,,,,,[],,,,
1058672676678569995,1058672676678569995,2018-11-03 16:20:09 IST,2018-11-03,16:20:09,+0530,208717532,mmaxworthy,Michael Maxworthy,,"- BioInformatics Buys Kalorama, Raises Acquisition Funds #mrx #BigData #BigDataAnalytics #bio #b2b #fintech   https://t.co/3F45rCUaH9",en,[],['http://www.mrweb.com/drno/news27087.htm'],[],0,1,0,"['mrx', 'bigdata', 'bigdataanalytics', 'bio', 'b2b', 'fintech']",[],https://twitter.com/MMaxworthy/status/1058672676678569995,False,,0,,,,,,,,[],,,,
1057363142739742725,1057363142739742725,2018-10-31 01:36:32 IST,2018-10-31,01:36:32,+0530,208717532,mmaxworthy,Michael Maxworthy,,Another one bites the dust..... #insights,en,[],[],[],0,1,2,['insights'],[],https://twitter.com/MMaxworthy/status/1057363142739742725,False,https://twitter.com/mrwebnews/status/1057346435589566464,0,,,,,,,,[],,,,
1055823033439567872,1055823033439567872,2018-10-26 19:36:42 IST,2018-10-26,19:36:42,+0530,208717532,mmaxworthy,Michael Maxworthy,,THE #FINTECH ROBOTS ARE COMING.. https://t.co/7WHfyKgglJ #ai #machinelearning #CyberSecurity #PredictiveAnalytics #IoT #VentureCapital #IaaS #PaaS #infosec #insurtech #DeepLearning #BigData #datascience #payments #finserv #culture #blockchain #bitcoin #ML #Robotics,en,[],['https://www.marlinllc.com/newsletters/the-robots-are-coming-our-fintech-ma-report-for-october-2018/'],[],0,1,0,"['fintech', 'ai', 'machinelearning', 'cybersecurity', 'predictiveanalytics', 'iot', 'venturecapital', 'iaas', 'paas', 'infosec', 'insurtech', 'deeplearning', 'bigdata', 'datascience', 'payments', 'finserv', 'culture', 'blockchain', 'bitcoin', 'ml', 'robotics']",[],https://twitter.com/MMaxworthy/status/1055823033439567872,False,,0,,,,,,,,[],,,,
1055083946881499137,1055083946881499137,2018-10-24 18:39:50 IST,2018-10-24,18:39:50,+0530,208717532,mmaxworthy,Michael Maxworthy,,Such and underserved market....E2open To Acquire Maritime Network Platform INTTRA  https://t.co/pT6W5KINVG via @Benzinga #fintech #b2b #data #businessintelligence #maritime,en,"[{'screen_name': 'benzinga', 'name': 'benzinga', 'id': '44060322'}]",['https://benzinga.com/z/12549130'],[],0,1,0,"['fintech', 'b2b', 'data', 'businessintelligence', 'maritime']",[],https://twitter.com/MMaxworthy/status/1055083946881499137,False,,0,,,,,,,,[],,,,
1054780272368123904,1054780272368123904,2018-10-23 22:33:08 IST,2018-10-23,22:33:08,+0530,208717532,mmaxworthy,Michael Maxworthy,,"Whoa..... Oracle acquires DataFox, a developer of 'predictive intelligence as a service' across millions of company records  https://t.co/au1IcqZ9TC via @techcrunch #fintech #erp #crm #DataScience #businessintelligence #bigdata",en,"[{'screen_name': 'techcrunch', 'name': 'techcrunch', 'id': '816653'}]",['https://tcrn.ch/2NYI3Ps'],[],0,0,0,"['fintech', 'erp', 'crm', 'datascience', 'businessintelligence', 'bigdata']",[],https://twitter.com/MMaxworthy/status/1054780272368123904,False,,0,,,,,,,,[],,,,
1049812882597269504,1049812882597269504,2018-10-10 05:34:30 IST,2018-10-10,05:34:30,+0530,208717532,mmaxworthy,Michael Maxworthy,,Should come as no surprise - B2B International Acquired by Dentsu Aegis Network #mrx #marketresearch #BusinessIntelligence #b2b  https://t.co/crJ4cENBgC,en,[],['http://www.mrweb.com/drno/news26949.htm'],[],0,1,0,"['mrx', 'marketresearch', 'businessintelligence', 'b2b']",[],https://twitter.com/MMaxworthy/status/1049812882597269504,False,,0,,,,,,,,[],,,,
1048665610941599746,1048665610941599746,2018-10-07 01:35:39 IST,2018-10-07,01:35:39,+0530,208717532,mmaxworthy,Michael Maxworthy,,Crimson Hexagon and Brandwatch Merge - Daily Research News Online. #mrx #MarketingStrategy #Insights #marketresearch #BigDataAnalytics #brand #vclogic  https://t.co/JImeUQVK5J,en,[],['http://www.mrweb.com/drno/news26941.htm'],[],0,1,1,"['mrx', 'marketingstrategy', 'insights', 'marketresearch', 'bigdataanalytics', 'brand', 'vclogic']",[],https://twitter.com/MMaxworthy/status/1048665610941599746,False,,0,,,,,,,,[],,,,
1045459166570196992,1045459166570196992,2018-09-28 05:14:23 IST,2018-09-28,05:14:23,+0530,208717532,mmaxworthy,Michael Maxworthy,,Kayrros Secures $24M in Series B Funding to Expand Energy Market Penetration  https://t.co/PPzbfNdRAY #grc #fintech #BusinessIntelligence #oil,en,[],['https://www.indexventures.com/news-room/news/kayrros-secures-24m-in-series-b-funding-to-expand-energy-market-penetration'],[],0,1,0,"['grc', 'fintech', 'businessintelligence', 'oil']",[],https://twitter.com/MMaxworthy/status/1045459166570196992,False,,0,,,,,,,,[],,,,
1042103091590520832,1042103091590520832,2018-09-18 22:58:33 IST,2018-09-18,22:58:33,+0530,208717532,mmaxworthy,Michael Maxworthy,,The Marlin &amp; Associates #fintech team will be at Money20/20 in Vegas in Oct. Message me if you’d like to meet. Schedule is starting to come together..,en,[],[],[],1,2,0,['fintech'],[],https://twitter.com/MMaxworthy/status/1042103091590520832,False,,0,,,,,,,,[],,,,
1041406466371084288,1041406466371084288,2018-09-17 00:50:24 IST,2018-09-17,00:50:24,+0530,208717532,mmaxworthy,Michael Maxworthy,,Marlin &amp; Associates Client RapidRatings Receives $30mm Growth Equity Investment  https://t.co/P7Gze31dgI #fintech #supplychain #b2b #grc #creditrisk #tradefinance #vc #privateequity,en,[],['https://www.marlinllc.com/press-releases/marlin-associates-client-rapidratings-receives-30mm-growth-equity-investment'],[],0,1,0,"['fintech', 'supplychain', 'b2b', 'grc', 'creditrisk', 'tradefinance', 'vc', 'privateequity']",[],https://twitter.com/MMaxworthy/status/1041406466371084288,False,,0,,,,,,,,[],,,,
1039129093533589506,1039129093533589506,2018-09-10 18:00:56 IST,2018-09-10,18:00:56,+0530,208717532,mmaxworthy,Michael Maxworthy,,Ouch.. that's gonna leave a mark..... SEC tick-size pilot cost investors over $300m - report  https://t.co/uEuSi6FGli via @Finextra #fintech #datascience #grc #samplesize,en,"[{'screen_name': 'finextra', 'name': 'finextra', 'id': '17002481'}]",['https://www.finextra.com/newsarticle/32621/sec-tick-size-pilot-cost-investors-over-300m---report'],[],0,1,0,"['fintech', 'datascience', 'grc', 'samplesize']",[],https://twitter.com/MMaxworthy/status/1039129093533589506,False,,0,,,,,,,,[],,,,
1037750823294517253,1037750823294517253,2018-09-06 22:44:11 IST,2018-09-06,22:44:11,+0530,208717532,mmaxworthy,Michael Maxworthy,,#fintech ……….,und,[],[],[],0,1,0,['fintech'],[],https://twitter.com/MMaxworthy/status/1037750823294517253,False,https://twitter.com/mrwebnews/status/1037440976451784704,0,,,,,,,,[],,,,
1037735074425434112,1037735074425434112,2018-09-06 21:41:36 IST,2018-09-06,21:41:36,+0530,208717532,mmaxworthy,Michael Maxworthy,,I LOVE LOVE this space. Underrated! Nielsen acquires SuperData Research to better track digital games and esports  https://t.co/NeMaPIr45b #mrx #marketresearch #datascience #bigdata #businessintelligence #fintech #workflow,en,[],['https://venturebeat.com/2018/09/05/nielsen-acquires-superdata-research-to-better-track-digital-games-and-esports/'],[],0,1,1,"['mrx', 'marketresearch', 'datascience', 'bigdata', 'businessintelligence', 'fintech', 'workflow']",[],https://twitter.com/MMaxworthy/status/1037735074425434112,False,,0,,,,,,,,[],,,,
1035174182307459073,1035174182307459073,2018-08-30 20:05:32 IST,2018-08-30,20:05:32,+0530,208717532,mmaxworthy,Michael Maxworthy,,This Rising Tide is Lifting Some Boats (Not All). Our August 2018 Fintech Market Update  https://t.co/nKlxISb85W #fintech #grc #payments #b2b #insurtech #wealthtech #wealthmanagement #tradefinance #comeon,en,[],['https://www.marlinllc.com/blog/this-rising-tide-is-lifting-some-boats-not-all-our-august-2018-fintech-market-update'],[],0,0,0,"['fintech', 'grc', 'payments', 'b2b', 'insurtech', 'wealthtech', 'wealthmanagement', 'tradefinance', 'comeon']",[],https://twitter.com/MMaxworthy/status/1035174182307459073,False,,0,,,,,,,,[],,,,
1029418781402193920,1029418781402193920,2018-08-14 22:55:37 IST,2018-08-14,22:55:37,+0530,208717532,mmaxworthy,Michael Maxworthy,,Preaching to the choir...Especially when it comes to #Fintech. African economy: the limits of ‘leapfrogging’  https://t.co/xht3uC7JtT via @financialtimes #digitalbank #insuretech #underbanked #b2b #wealthteh #grc #emergingmarkets,en,"[{'screen_name': 'financialtimes', 'name': 'financial times', 'id': '4898091'}]",['https://www.ft.com/content/052b0a34-9b1b-11e8-9702-5946bae86e6d'],[],0,2,1,"['fintech', 'digitalbank', 'insuretech', 'underbanked', 'b2b', 'wealthteh', 'grc', 'emergingmarkets']",[],https://twitter.com/MMaxworthy/status/1029418781402193920,False,,0,,,,,,,,[],,,,
1029054121247158273,1029054121247158273,2018-08-13 22:46:36 IST,2018-08-13,22:46:36,+0530,208717532,mmaxworthy,Michael Maxworthy,,Who said it was slowing down? H1 2018 Global FinTech Investments Round-Up  https://t.co/TelSr2Qfsk via @gomedici #fintech #insuretech #wealthtech #capitalmarkets #vclogic,en,"[{'screen_name': 'gomedici', 'name': 'medici global', 'id': '1711424268'}]",['https://gomedici.com/h1-2018-global-fintech-investments-round-up/'],[],0,1,2,"['fintech', 'insuretech', 'wealthtech', 'capitalmarkets', 'vclogic']",[],https://twitter.com/MMaxworthy/status/1029054121247158273,False,,0,,,,,,,,[],,,,
1029013114216435713,1029013114216435713,2018-08-13 20:03:39 IST,2018-08-13,20:03:39,+0530,208717532,mmaxworthy,Michael Maxworthy,,"Offering a white-labeled lending service in emerging markets, Mines raises $13 million  https://t.co/ZtzjgX60S7 via @techcrunch #fintech #nextgenerationfintech #underbanked #b2b #banktech #wealthtech",en,"[{'screen_name': 'techcrunch', 'name': 'techcrunch', 'id': '816653'}]",['https://tcrn.ch/2B1zAtE'],[],0,0,0,"['fintech', 'nextgenerationfintech', 'underbanked', 'b2b', 'banktech', 'wealthtech']",[],https://twitter.com/MMaxworthy/status/1029013114216435713,False,,0,,,,,,,,[],,,,
1028966520830013440,1028966520830013440,2018-08-13 16:58:30 IST,2018-08-13,16:58:30,+0530,208717532,mmaxworthy,Michael Maxworthy,,Activist Elliott Management to Push Nielsen Holdings to Sell   https://t.co/lHgeByHrFu #mrx #marketresearch #datascience #b2b #thatsgonnaleaveamark,en,[],['https://www.wsj.com/articles/activist-elliott-management-to-push-nielsen-holdings-to-sell-1534131900'],[],0,2,1,"['mrx', 'marketresearch', 'datascience', 'b2b', 'thatsgonnaleaveamark']",[],https://twitter.com/MMaxworthy/status/1028966520830013440,False,,0,,,,,,,,[],,,,
1027924616587689987,1027924616587689987,2018-08-10 19:58:21 IST,2018-08-10,19:58:21,+0530,208717532,mmaxworthy,Michael Maxworthy,,The climbing cost of fraud: over £2 billion stolen from UK credit and debit cards in the last year  https://t.co/4k9fh5HRdv #b2b #payments #fraud #thatsucks #fintech,en,[],['https://www.finextra.com/pressarticle/75038/the-climbing-cost-of-fraud-over-2-billion-stolen-from-uk-credit-and-debit-cards-in-the-last-year'],[],0,0,0,"['b2b', 'payments', 'fraud', 'thatsucks', 'fintech']",[],https://twitter.com/MMaxworthy/status/1027924616587689987,False,,0,,,,,,,,[],,,,
1027557492291723264,1027557492291723264,2018-08-09 19:39:31 IST,2018-08-09,19:39:31,+0530,208717532,mmaxworthy,Michael Maxworthy,,"HOLY COW!!! Dun &amp; Bradstreet Enters Into a Definitive Agreement to Be Acquired by Investor Group Led by CC Capital, Cannae Holdings and Thomas H. Lee Partners  https://t.co/beH2iRHofV #fintech #grc #mrx #credittech",en,[],['https://on.mktw.net/2vyI5aa'],[],0,0,1,"['fintech', 'grc', 'mrx', 'credittech']",[],https://twitter.com/MMaxworthy/status/1027557492291723264,False,,0,,,,,,,,[],,,,
1024985712192618496,1024985712192618496,2018-08-02 17:20:11 IST,2018-08-02,17:20:11,+0530,208717532,mmaxworthy,Michael Maxworthy,,SMB Fintech continues to evolve - watch this space!! Xero acquires Hubdoc  https://t.co/h3kuNXM2wB #fintech #smb #sme #bookkeepers,en,[],['https://www.finextra.com/pressarticle/74943/xero-acquires-hubdoc'],[],0,1,0,"['fintech', 'smb', 'sme', 'bookkeepers']",[],https://twitter.com/MMaxworthy/status/1024985712192618496,False,,0,,,,,,,,[],,,,
1024303014964809728,1024303014964809728,2018-07-31 20:07:24 IST,2018-07-31,20:07:24,+0530,208717532,mmaxworthy,Michael Maxworthy,,Barclays Leads $14 Million Raise as Cloud9 Looks to Digitize Trader Voice Communication  https://t.co/no7dq55qLN #fintech #grc #trading #capitalmarkets #datascience,en,[],['https://prn.to/2vpuhOr'],[],0,1,2,"['fintech', 'grc', 'trading', 'capitalmarkets', 'datascience']",[],https://twitter.com/MMaxworthy/status/1024303014964809728,False,,0,,,,,,,,[],,,,
1024288005266309121,1024288005266309121,2018-07-31 19:07:45 IST,2018-07-31,19:07:45,+0530,208717532,mmaxworthy,Michael Maxworthy,,Worst kept secret in Fintech!!! SS&amp;C to buy Eze Software for $1.45 billion  https://t.co/jiuVrtfu7R #fintech #grc #wealthmanagement,en,[],['https://www.finextra.com/newsarticle/32466/ssc-to-buy-eze-software-for-145-billion'],[],0,1,1,"['fintech', 'grc', 'wealthmanagement']",[],https://twitter.com/MMaxworthy/status/1024288005266309121,False,,0,,,,,,,,[],,,,
1019210606979833857,1019210606979833857,2018-07-17 18:51:59 IST,2018-07-17,18:51:59,+0530,208717532,mmaxworthy,Michael Maxworthy,,Consolidation inside the global #marketresearch space keeps cranking! #mrx   https://t.co/ifiCwoKWeS,en,[],['http://radius-global.com/news-release/radius-global-market-research-merges-with-illumination-research/?mkt_tok=eyJpIjoiT0RkaVpXVTJNRFl4TlRVMiIsInQiOiJtTXE4OWw4dVR4MU9zUHdVbFJaNTM4TTFvYlR1YWxhd1ZWOVBWcG1NNEg5YTk2WWdRR0R0Nm5KYXk0SjJ0STZSdkZDZFwvK2l4d2hXeDVGVlhOSTVZN1R4M1BKWVpiSFdFa2xXT25MSVNlSHQ5amtBQytRWFhhM0hudElSV3J0VEUifQ%3D%3D'],[],0,0,1,"['marketresearch', 'mrx']",[],https://twitter.com/MMaxworthy/status/1019210606979833857,False,,0,,,,,,,,[],,,,
1019210118980915201,1019210118980915201,2018-07-17 18:50:03 IST,2018-07-17,18:50:03,+0530,208717532,mmaxworthy,Michael Maxworthy,,#Underbanked continue to be a #fintech hotspot.   https://t.co/8rhEcz24wv,en,[],['https://investor.equifax.com/news-and-events/news/2018/07-16-2018-140041699?mkt_tok=eyjpijoit0rkavpxvtjnrfl4tlrvmiisinqioijttxe4oww4dvr4mu9zuhdvbfjantm4ttfvylr1ywxhd1zwovbwcg1nneg5ytk2wwdrr0r0nm5kyxk0sjj0stzsdkzdzfwvk2l4d2hxedvgvlhostvzn1r4m1bkwvpisfdfa2xxt25msvnlshq5amtbqytrwfhhm0hudelsv3j0veuifq=='],[],0,1,0,"['underbanked', 'fintech']",[],https://twitter.com/MMaxworthy/status/1019210118980915201,False,,0,,,,,,,,[],,,,
1019209027299860481,1019209027299860481,2018-07-17 18:45:42 IST,2018-07-17,18:45:42,+0530,208717532,mmaxworthy,Michael Maxworthy,,Salesforce Signs Definitive Agreement to Acquire Datorama  https://t.co/g9e3P1LvWy #CRM #datascience #businessintelligence,en,[],['https://www.salesforce.com/company/news-press/stories/2018/July/071618/'],[],0,1,1,"['crm', 'datascience', 'businessintelligence']",[],https://twitter.com/MMaxworthy/status/1019209027299860481,False,,0,,,,,,,,[],,,,
1017514486998224896,1017514486998224896,2018-07-13 02:32:12 IST,2018-07-13,02:32:12,+0530,208717532,mmaxworthy,Michael Maxworthy,, https://t.co/O6AS0YnQcl  https://t.co/gtnD2AsFU1,und,[],"['https://lnkd.in/d_9e65j', 'https://lnkd.in/d_ymCpi']",[],0,0,0,[],[],https://twitter.com/MMaxworthy/status/1017514486998224896,False,,0,,,,,,,,[],,,,
1011802696813248513,1011802696813248513,2018-06-27 08:15:35 IST,2018-06-27,08:15:35,+0530,208717532,mmaxworthy,Michael Maxworthy,,Kind of a big deal.....Luxoft brings ID management to R3's Corda  https://t.co/4ifRIPNTLC via @Finextra #fintech #id #Verificacion #blockchain,en,"[{'screen_name': 'finextra', 'name': 'finextra', 'id': '17002481'}]",['https://www.finextra.com/pressarticle/74459/luxoft-brings-id-management-to-r3s-corda'],[],0,0,0,"['fintech', 'id', 'verificacion', 'blockchain']",[],https://twitter.com/MMaxworthy/status/1011802696813248513,False,,0,,,,,,,,[],,,,
1011565340504010752,1011565340504010752,2018-06-26 16:32:25 IST,2018-06-26,16:32:25,+0530,208717532,mmaxworthy,Michael Maxworthy,,Kantar's next? WPP starts break up of empire built by Martin Sorrell  https://t.co/47kVV5eWTi #mrx #marketresearch #b2b #media #adtech,en,[],['https://www.thetimes.co.uk/article/wpp-starts-break-up-of-empire-built-by-martin-sorrell-dtdtx93db?mkt_tok=eyJpIjoiT1RJM016SXhZVEEwWm1SayIsInQiOiJNMUFEeWlWXC9VYzNZU1NkMnU2ZmxYUFh1aFpTWnFqbzVYZm1CVDNCa3ZFc0M3T3lFZytaZHVDaStqdmJ3WTZ4eGpZb0tXME9HNWszTzVSRW9HOCs5U0U0UVdva3poYU5qdVg0SDdSWUNabW9zMEdyekNLRTNpWkFoV29PM0RNOUMifQ%3D%3D'],[],0,1,1,"['mrx', 'marketresearch', 'b2b', 'media', 'adtech']",[],https://twitter.com/MMaxworthy/status/1011565340504010752,False,,0,,,,,,,,[],,,,
1011246696209186822,1011246696209186822,2018-06-25 19:26:15 IST,2018-06-25,19:26:15,+0530,208717532,mmaxworthy,Michael Maxworthy,,IBM's Watson Takes On #Risk And Regulation In Finance via @forbes  https://t.co/uYZTPQDB0d #grc #regulation @fintech #data #gottobeinittowinit,en,"[{'screen_name': 'forbes', 'name': 'forbes', 'id': '91478624'}, {'screen_name': 'fintech', 'name': 'fintech', 'id': '204864212'}]",['https://www.forbes.com/sites/tomgroenfeldt/2018/06/21/ibms-watson-takes-on-risk-and-regulation-in-finance/#1ee27fde3b3d'],[],0,0,0,"['risk', 'grc', 'regulation', 'data', 'gottobeinittowinit']",[],https://twitter.com/MMaxworthy/status/1011246696209186822,False,,0,,,,,,,,[],,,,
1011246375533760512,1011246375533760512,2018-06-25 19:24:58 IST,2018-06-25,19:24:58,+0530,208717532,mmaxworthy,Michael Maxworthy,,Verisk Acquires Validus-IVC  https://t.co/F6KUxUNWtI #InsurTech #fintech #b2b #DataScience,ca,[],['https://www.verisk.com/press-releases/2018/june/verisk-acquires-validus-ivc/?mkt_tok=eyJpIjoiT0dFeU5URXdPVEUzWTJKaSIsInQiOiJ3SFhqaTZ3OEVTaGhNV2E0UmVOYkdRNFF5SWFnTmVaVXlmY3h2YlI5ekh3ZldWSnhyR2tZMllIbUhRMERsTEFpZ3JJdEJITkRVMzJLQnpIeWVianJDNDlhNytqUUhKdlZrTnU1Tlwvc2NcL0hZZWs0dnZQNkNROXRtYUYrbkFuRWJ0In0%3D'],[],0,2,2,"['insurtech', 'fintech', 'b2b', 'datascience']",[],https://twitter.com/MMaxworthy/status/1011246375533760512,False,,0,,,,,,,,[],,,,
1007627184889098240,1007627184889098240,2018-06-15 19:43:36 IST,2018-06-15,19:43:36,+0530,208717532,mmaxworthy,Michael Maxworthy,,"Another Key Takeaway for #Fintech  - for the first ""almost"" half of the year - I suspect that the emerging markets will start to garner more and more attention from the VC community. The next phase of growth and adoption in #capitalmarkets, #banktech, #GRC..will be there...",en,[],[],[],0,1,0,"['fintech', 'capitalmarkets', 'banktech', 'grc']",[],https://twitter.com/MMaxworthy/status/1007627184889098240,False,,0,,,,,,,,[],,,,
1007598427994279936,1007598427994279936,2018-06-15 17:49:20 IST,2018-06-15,17:49:20,+0530,208717532,mmaxworthy,Michael Maxworthy,, https://t.co/g7lZDvOsAv #MRX #Marketresearch,und,[],['http://www.nielsen.com/au/en/press-room/2018/nielsen-acquires-landsberry-and-james.html?mkt_tok=eyJpIjoiTnpGaU5HVXhZVEZtWVdNeSIsInQiOiJQN2ZrMFpCVmMzNUFFWnJmRXc2UjRlMEFHVFdQTk5zbTdLMVlTM2pWXC9TSXNqWFBhXC95WHdiWW1DYk5vd3ljZDU0N21FdEhuRkt4VU1Geldhc0E1M3RNdk5uZU11d3RSbnJoSzc4bGY0bDV3STZmYU9Zdjc4eFJZRU9IemhuN1lNIn0%3D'],[],0,0,0,"['mrx', 'marketresearch']",[],https://twitter.com/MMaxworthy/status/1007598427994279936,False,,0,,,,,,,,[],,,,
1007594887091572736,1007594887091572736,2018-06-15 17:35:15 IST,2018-06-15,17:35:15,+0530,208717532,mmaxworthy,Michael Maxworthy,,Vivendi's ad unit Havas to spend 100 mln euros on corporate PR arm  https://t.co/jQtWHDh9Qn #pr #fintech #grc #got2beinit2winit,en,[],['http://www.euronews.com/2018/06/14/vivendis-ad-unit-havas-to-spend-100-mln-euros-on-corporate-pr-arm'],[],0,0,0,"['pr', 'fintech', 'grc', 'got2beinit2winit']",[],https://twitter.com/MMaxworthy/status/1007594887091572736,False,,0,,,,,,,,[],,,,
1005122475473211392,1005122475473211392,2018-06-08 21:50:47 IST,2018-06-08,21:50:47,+0530,208717532,mmaxworthy,Michael Maxworthy,,Index Ventures Expects A $2 Billion Windfall From Early Bets On #Fintech via @forbes  https://t.co/18hMEmwxJP #vclogic #grc #insuretech #b2b #wealthmanagement,en,"[{'screen_name': 'forbes', 'name': 'forbes', 'id': '91478624'}]",['https://www.forbes.com/sites/oliversmith/2018/06/07/this-british-vc-expects-a-2-billion-windfall-from-early-bets-on-fintech/#1a72658c57e7'],[],0,0,0,"['fintech', 'vclogic', 'grc', 'insuretech', 'b2b', 'wealthmanagement']",[],https://twitter.com/MMaxworthy/status/1005122475473211392,False,,0,,,,,,,,[],,,,
1005076864669450241,1005076864669450241,2018-06-08 18:49:32 IST,2018-06-08,18:49:32,+0530,208717532,mmaxworthy,Michael Maxworthy,,Jack Ma's Chinese #Fintech Firm Just Raised so Much Money It's Now Worth More Than Goldman Sachs  https://t.co/GbbQtRWus4 via @FortuneMagazine #b2b #payments #vclogic #grc #insuretech #wealthtech,en,"[{'screen_name': 'fortunemagazine', 'name': 'fortune', 'id': '25053299'}]",['http://fortune.com/2018/06/08/ant-financial-alipay-14-billion-funding/?utm_source=twitter.com&utm_medium=social&utm_campaign=social-button-sharing'],[],0,0,0,"['fintech', 'b2b', 'payments', 'vclogic', 'grc', 'insuretech', 'wealthtech']",[],https://twitter.com/MMaxworthy/status/1005076864669450241,False,,0,,,,,,,,[],,,,
1004806069024120832,1004806069024120832,2018-06-08 00:53:29 IST,2018-06-08,00:53:29,+0530,208717532,mmaxworthy,Michael Maxworthy,,Integral Ad Science Acquired by Private Equity Firm  https://t.co/7ppUJ5JrWd … #mrx #marketresearch #insights #b2b #DataScience,en,[],['http://www.mrweb.com/drno/news26308.htm'],[],0,0,0,"['mrx', 'marketresearch', 'insights', 'b2b', 'datascience']",[],https://twitter.com/MMaxworthy/status/1004806069024120832,False,,0,,,,,,,,[],,,,
1004386131947991041,1004386131947991041,2018-06-06 21:04:49 IST,2018-06-06,21:04:49,+0530,208717532,mmaxworthy,Michael Maxworthy,,UniCredit acquires minority stake in PFM outfit Meniga  https://t.co/0Or2Ss28vF via @Finextra #fitnech #pfm #wealthtech,en,"[{'screen_name': 'finextra', 'name': 'finextra', 'id': '17002481'}]",['https://www.finextra.com/newsarticle/32200/unicredit-acquires-minority-stake-in-pfm-outfit-meniga'],[],0,1,3,"['fitnech', 'pfm', 'wealthtech']",[],https://twitter.com/MMaxworthy/status/1004386131947991041,False,,0,,,,,,,,[],,,,
1003563492497133569,1003563492497133569,2018-06-04 14:35:56 IST,2018-06-04,14:35:56,+0530,208717532,mmaxworthy,Michael Maxworthy,,Orange joins forces with Google for startup financing  https://t.co/ZUCfr2reO9 via @Finextra #fintech #vclogic #grc #payments #Insurtech,en,"[{'screen_name': 'finextra', 'name': 'finextra', 'id': '17002481'}]",['https://www.finextra.com/pressarticle/74131/orange-joins-forces-with-google-for-startup-financing'],[],0,1,2,"['fintech', 'vclogic', 'grc', 'payments', 'insurtech']",[],https://twitter.com/MMaxworthy/status/1003563492497133569,False,,0,,,,,,,,[],,,,
1002863301565526017,1002863301565526017,2018-06-02 16:13:38 IST,2018-06-02,16:13:38,+0530,208717532,mmaxworthy,Michael Maxworthy,,ITRS Group acquires capacity management firm Sumerian  https://t.co/1EHFUnROnF via @Crunchify #fintech #capitalmarkets #vclogic,en,"[{'screen_name': 'crunchify', 'name': 'crunchify', 'id': '792481526'}]",['https://ibsintelligence.com/ibs-journal/ibs-news/itrs-group-acquires-capacity-management-firm-sumerian/'],[],0,1,0,"['fintech', 'capitalmarkets', 'vclogic']",[],https://twitter.com/MMaxworthy/status/1002863301565526017,False,,0,,,,,,,,[],,,,
1001806277251686405,1001806277251686405,2018-05-30 18:13:23 IST,2018-05-30,18:13:23,+0530,208717532,mmaxworthy,Michael Maxworthy,,#parisfintech #fintech #quant #DataScience   https://t.co/DWyl86QL3z,und,[],['https://www.businesswire.com/news/home/20180529005168/en/Moodys-Announces-Investment-QuantCube-AI-Based-Predictive-Analytics'],[],0,0,0,"['parisfintech', 'fintech', 'quant', 'datascience']",[],https://twitter.com/MMaxworthy/status/1001806277251686405,False,,0,,,,,,,,[],,,,
999322033749184512,999322033749184512,2018-05-23 21:41:54 IST,2018-05-23,21:41:54,+0530,208717532,mmaxworthy,Michael Maxworthy,,Aquiline Capital Partners Acquires Compliance Software and Solutions Provider RIA in a Box  https://t.co/kJSwalRdRP #fintech #wealthtech,en,[],['https://www.businesswire.com/news/home/20180523006037/en/Aquiline-Capital-Partners-Acquires-Compliance-Software-Solutions#.WwWSsCItt9M.twitter'],[],0,0,1,"['fintech', 'wealthtech']",[],https://twitter.com/MMaxworthy/status/999322033749184512,False,,0,,,,,,,,[],,,,
998942748752384000,998942748752384000,2018-05-22 20:34:45 IST,2018-05-22,20:34:45,+0530,208717532,mmaxworthy,Michael Maxworthy,,#Cryptocurrency and a stock market boom pushes TradingView to $37 million in new funding  https://t.co/Gn1LsOcVga #fintech,en,[],['https://tcrn.ch/2rYNoxb'],[],0,1,1,"['cryptocurrency', 'fintech']",[],https://twitter.com/MMaxworthy/status/998942748752384000,False,,0,,,,,,,,[],,,,
998905969378721793,998905969378721793,2018-05-22 18:08:36 IST,2018-05-22,18:08:36,+0530,208717532,mmaxworthy,Michael Maxworthy,,Notarize Raises $20 Million to Fuel Enterprise &amp; Real Estate Solutions | Business Wire  https://t.co/pqVqDJJdwT #notarize #grc #realestate #proptech #retech,en,[],['https://www.businesswire.com/news/home/20180517005992/en/Notarize-Raises-20-Million-Fuel-Enterprise-Real#.WwQO3ZNjbTU.twitter'],[],0,3,4,"['notarize', 'grc', 'realestate', 'proptech', 'retech']",[],https://twitter.com/MMaxworthy/status/998905969378721793,False,,0,,,,,,,,[],,,,
998572622890917889,998572622890917889,2018-05-21 20:04:00 IST,2018-05-21,20:04:00,+0530,208717532,mmaxworthy,Michael Maxworthy,,Data firm IHS Markit to buy rival Ipreo in $1.86 billion deal  https://t.co/rDtE3sBDpH #fintech,en,[],['https://reut.rs/2GCH8QZ'],[],0,4,3,['fintech'],[],https://twitter.com/MMaxworthy/status/998572622890917889,False,,0,,,,,,,,[],,,,
997351683263991809,997351683263991809,2018-05-18 11:12:25 IST,2018-05-18,11:12:25,+0530,208717532,mmaxworthy,Michael Maxworthy,,Powering Through: Our May M&amp;A Report on The Information &amp; Technology Universe. Read more here:  https://t.co/jql0ngIJey #insurance #fintech #b2b #payments #mrx #DataScience,en,[],['https://lnkd.in/dHXTWii'],[],0,1,2,"['insurance', 'fintech', 'b2b', 'payments', 'mrx', 'datascience']",[],https://twitter.com/MMaxworthy/status/997351683263991809,False,,0,,,,,,,,[],,,,
997053866158899200,997053866158899200,2018-05-17 15:29:00 IST,2018-05-17,15:29:00,+0530,208717532,mmaxworthy,Michael Maxworthy,,"Reed Tech® Acquires PatentSight, a Provider of Analytics Solutions that Help Companies Monetize and Value IP Assets | Reed Tech  https://t.co/4yGetid7XX #grc #mergers #information #datascience #b2b #patent #insights #mrx #marketresearch #fintech",en,[],['https://www.lexisnexisip.com/knowledge-center/lexisnexisip-acquires-patentsight-a-provider-of-analytics-solutions#.Wv1SIj2PyOk.twitter'],[],0,0,0,"['grc', 'mergers', 'information', 'datascience', 'b2b', 'patent', 'insights', 'mrx', 'marketresearch', 'fintech']",[],https://twitter.com/MMaxworthy/status/997053866158899200,False,,0,,,,,,,,[],,,,
993952451379257344,993952451379257344,2018-05-09 02:05:05 IST,2018-05-09,02:05:05,+0530,208717532,mmaxworthy,Michael Maxworthy,,Amazing how #cyberinsurance has popped up out of nowhere in the last year to be a major part of my #fintech conversations. #vclogic be damned...  #cyber #Insurtech,en,[],[],[],0,0,0,"['cyberinsurance', 'fintech', 'vclogic', 'cyber', 'insurtech']",[],https://twitter.com/MMaxworthy/status/993952451379257344,False,,0,,,,,,,,[],,,,
993885464183672832,993885464183672832,2018-05-08 21:38:54 IST,2018-05-08,21:38:54,+0530,208717532,mmaxworthy,Michael Maxworthy,,Amazing how often this comes up in conversation. What #FinTech means to banks - Chris Skinner's blog  https://t.co/2gtc5sdVMd via @Chris_Skinner #grc #AML #KYC #insurtech #b2b #vclogic,en,"[{'screen_name': 'chris_skinner', 'name': 'chris skinner', 'id': '14190796'}]",['https://thefinanser.com/2018/04/fintech-means-banks.html/'],[],0,1,3,"['fintech', 'grc', 'aml', 'kyc', 'insurtech', 'b2b', 'vclogic']",[],https://twitter.com/MMaxworthy/status/993885464183672832,False,,0,,,,,,,,[],,,,
